10491141062996204248192166664922719917925236908737301572810218892286311924317411222716956218104175145191250205158184117191532412413448371125613913413924332175758029213
411478521321481163233622261732281536323671412012713617113214615251121151645720724122044153219216578723245159145750200226137130158180122155123252135104549313515925184
8713511912814771134691198632043021620039212412342522770227233147491702331061742319510711171142114201271522481241126241159200217018419710622043611353622318823116713316099
171123138521984134153482242353182254191501931827195209391312025122625123316454512316742643222418212812837202109601991491149519187198951417821692471661920114211645113
22738301817122990931631685386227102162198219941451092132512585248110223168207243082231127156471841571752491466381802112422272102696246150282071795614618048122026867241
179155112135180122122321511822201792186253218200189691812111091381974316114899252109251134136122226013252472394856240362102111801921261176181585412099197251251016911154
372331991216415611627907824114924875175175769218501442267516298104532088823353104261221361608717722582352128428714696186149214209203125101392422414465205103163253
1606420133472192262441111424515919915720617614222019261181302011935012438721941462351081102817837210247206209482249066243428016222824414815348235514617715314988011472
7822912819129953418704921132241204188669417523622316561131221106230197349792246824017790191170018613921116411724622673619311724121712220146719670867014219215219172
235831422485410212921762294137371961394720014593881321817817414488241246716614010318611695741202150155174916133235185631523952351842522402442012051012065221391101
15012021116611320113278135388976173811417021118148141572251677249151820623061169056222252191581531621101201001791371241431124016134837479175181669192391161151233166
24421790147109147138214183297223923917834118641892035421311045138510517923215621128461171238792022753207241682342352081802278924626424320921323396193971911289320229246
118138218204862911518137171452163213134307646363114471253842013414320723114177150152672201101131211961897572279360162001882421252115809141291461252312111222364
229127255229218199815820619519513694251311921635123414221468190247772101991921242063912312622810623672156121832533820324011414124136581281702491277131345613511522319536
1764622877403720911314240507917524312198162310911411981902152228124124727401558814927218013819713190724724254229191200233241843113814718912522318714233317011522549
1141132312001791552441234669222169752057915532532212139069202179158667619624413042216181102244741692521362361891851252422533714282512248197184106255531927513732237154
25244158235102461148615515253147246362151811794960172252212361861172243632288117488964124518025014325542228625218817701522310053340244382031762088518818820847248157
1838413319310184702372188597114211712818722317366127120240126961691938158522521434011175461831674520203135102136221175797511722438114909010125204196271632152358314719
8123165451349713014513712072321501668864979910013618762187216501471841661592091082132371592046314613959377181118506429269159211117172269361821864314155140178137
199254118195128194157262148521017624814422922720601937104189133666547881478913643449417681201147811073192351371202214090231881731321035324770143912362421760249247
638222523475841903196251351759287215227534441245171186228109614122949142491723545191215249107230201111179498771144182342472138425324414158917724311123991324971215
984114611087230266623417015024319122471141142521621088157832451531954619150161111401851081332512551191665714145192119229115976311720757100161160187471173203421176115202
193435236242207120961378880817748228216272541206618049592504281242215102215119691631822171904823626156472158214320818517183235233238453050196267252382114811049
5116123011417218219316521914316821423321454138159134191982331811472356460373225222913224156481661767812107313721170254252156178524093243571431711420399924235571609
16824962644910523615842161591071831497200197148811701011021161089321557417920219125312868210962262401722488324969220142254232973141221273024635406011042155143
9262132871321002411337214110966727193198442139377381237205191601092241951034040138135251113240178271342183722610857242173120401132311744731221794101134522136
19422210421114889191951241517017832752455425396249831392181511741462378511244341632380422041698116316723921822921449178295014019376132982021350101143252165231120138157
214124459795301001651842947422435216771245233232106187121211192136145233106313918616424377673710524823421676146023317013774127213119127238591982267419419214281893577
2319431202551182498691361595476108114922111311011910418016417389214832521898913117120824971002078219921210362155105821245987138205771989719420565219126684105136242252
40172821262512372181061214124675227102164116181160321931662231821618176157803021813498189199200120324198212986721351069116379207126217156206575123251401442431511392123
